t state a | knee ω*.y hip ω*.y (rad/s) | knee vff.y τ0.y K D | hip vff.y τ0.y K D  (swing leg L; the re-anchor tick is the first AIRBORNE+1 row)
8.4125 TOUCHING 0 | 0.1934 0.1247 | 16.21 18.11 [303.4,82.5] | 2.03 9.34 [95.7,15.9]
8.4167 TOUCHING 0 | 0.2063 0.1328 | 17.29 19.23 [303.4,82.5] | 2.16 9.5 [95.7,15.9]
8.4208 TOUCHING 0 | 0.2201 0.1415 | 18.45 20.42 [303.4,82.5] | 2.3 9.66 [95.7,15.9]
8.425 LIFTOFF 0 | 0.2348 0.1507 | 19.68 21.7 [303.4,82.5] | 2.45 9.84 [95.7,15.9]
8.4292 LIFTOFF 0 | 0.248 0.1593 | 20.78 22.86 [303.4,82.5] | 2.59 10.01 [95.7,15.9]
8.4333 LIFTOFF 0 | 0.261 0.1676 | 21.87 24.01 [303.4,82.5] | 2.73 10.18 [95.7,15.9]
8.4375 AIRBORNE 0.005 | 0.274 0.1759 | 22.87 25.06 [303.4,82.2] | 2.96 10.47 [104.8,16.4]
8.4417 AIRBORNE 0.02 | 0.244 0.1282 | 20.14 21.8 [303.3,81.3] | 2.37 9.61 [131.1,17.9]
8.4458 AIRBORNE 0.043 | 0.2586 0.1233 | 20.97 22.67 [303.3,79.8] | 2.6 9.86 [173.1,20.4]
8.45 AIRBORNE 0.074 | 0.2762 0.1297 | 21.85 23.61 [303.3,77.9] | 3.19 10.48 [229,23.6]
8.4542 AIRBORNE 0.112 | 0.297 0.1411 | 22.78 24.6 [303.2,75.4] | 4.07 11.41 [297.5,27.6]
8.4583 AIRBORNE 0.156 | 0.3206 0.1562 | 23.7 25.58 [303.2,72.7] | 5.28 12.69 [377,32.2]
8.4625 AIRBORNE 0.206 | 0.3469 0.1747 | 24.55 26.51 [303.1,69.5] | 6.87 14.4 [465.8,37.4]
8.4667 AIRBORNE 0.259 | 0.3752 0.1966 | 25.29 27.33 [303,66.1] | 8.92 16.62 [562.4,43]
8.4708 AIRBORNE 0.316 | 0.4053 0.2217 | 25.85 27.98 [302.9,62.5] | 11.48 19.42 [665.2,49]
8.475 AIRBORNE 0.376 | 0.4369 0.25 | 26.21 28.44 [302.8,58.7] | 14.63 22.88 [772.8,55.3]
