t state a | knee ω*.y hip ω*.y (rad/s) | knee vff.y τ0.y K D | hip vff.y τ0.y K D  (swing leg L; the re-anchor tick is the first AIRBORNE+1 row)
8.4125 TOUCHING 0 | 0.1934 0.1247 | 16.21 18.11 [303.4,82.5] | 2.03 9.34 [95.7,15.9]
8.4167 TOUCHING 0 | 0.2063 0.1328 | 17.29 19.23 [303.4,82.5] | 2.16 9.5 [95.7,15.9]
8.4208 TOUCHING 0 | 0.2201 0.1415 | 18.45 20.42 [303.4,82.5] | 2.3 9.66 [95.7,15.9]
8.425 LIFTOFF 0 | 0.2348 0.1507 | 19.68 21.7 [303.4,82.5] | 2.45 9.84 [95.7,15.9]
8.4292 LIFTOFF 0 | 0.248 0.1593 | 20.78 22.86 [303.4,82.5] | 2.59 10.01 [95.7,15.9]
8.4333 LIFTOFF 0 | 0.261 0.1676 | 21.87 24.01 [303.4,82.5] | 2.73 10.18 [95.7,15.9]
8.4375 AIRBORNE 0.005 | 0.274 0.1759 | 22.87 25.06 [303.4,82.2] | 2.96 10.47 [104.8,16.4]
8.4417 AIRBORNE 0.02 | -0.0022 0.0363 | -0.18 1.48 [303.3,81.3] | 0.67 7.91 [131.1,17.9]
8.4458 AIRBORNE 0.043 | 0.259 0.0978 | 21 22.89 [303.3,79.8] | 2.06 9.35 [173.1,20.4]
8.45 AIRBORNE 0.074 | 0.2756 0.1292 | 21.81 23.81 [303.3,77.9] | 3.17 10.52 [229,23.6]
8.4542 AIRBORNE 0.112 | 0.2966 0.1444 | 22.75 24.83 [303.2,75.4] | 4.17 11.58 [297.5,27.6]
8.4583 AIRBORNE 0.156 | 0.3204 0.1597 | 23.68 25.83 [303.2,72.7] | 5.4 12.92 [377,32.2]
8.4625 AIRBORNE 0.206 | 0.3467 0.178 | 24.54 26.77 [303.1,69.5] | 7.01 14.67 [465.8,37.4]
8.4667 AIRBORNE 0.259 | 0.3751 0.1998 | 25.28 27.58 [303,66.1] | 9.06 16.92 [562.4,43]
8.4708 AIRBORNE 0.316 | 0.4052 0.2249 | 25.84 28.24 [302.9,62.5] | 11.65 19.77 [665.2,49]
8.475 AIRBORNE 0.376 | 0.4366 0.2531 | 26.19 28.69 [302.8,58.7] | 14.81 23.28 [772.8,55.3]
