t state a | knee ω*.y hip ω*.y (rad/s) | knee vff.y τ0.y K D | hip vff.y τ0.y K D  (swing leg L; the re-anchor tick is the first AIRBORNE+1 row)
8.45 TOUCHING 0 | 0.0625 0.0518 | 5.24 10.66 [303.4,82.5] | 0.84 8.69 [95.7,15.9]
8.4542 TOUCHING 0 | 0.0653 0.0543 | 5.47 11.19 [303.4,82.5] | 0.88 8.79 [95.7,15.9]
8.4583 TOUCHING 0 | 0.0681 0.0569 | 5.71 11.72 [303.4,82.5] | 0.92 8.88 [95.7,15.9]
8.4625 LIFTOFF 0 | 0.0725 0.0603 | 6.08 12.4 [303.4,82.5] | 0.98 9 [95.7,15.9]
8.4667 LIFTOFF 0 | 0.0757 0.0633 | 6.34 12.99 [303.4,82.5] | 1.03 9.11 [95.7,15.9]
8.4708 LIFTOFF 0 | 0.0785 0.066 | 6.58 13.56 [303.4,82.5] | 1.07 9.22 [95.7,15.9]
8.475 AIRBORNE 0.005 | 0.0813 0.0686 | 6.79 14.1 [303.4,82.2] | 1.15 9.47 [104.8,16.4]
8.4792 AIRBORNE 0.02 | -0.0022 0.0278 | -0.18 1.44 [303.3,81.3] | 0.51 7.73 [131.1,17.9]
8.4833 AIRBORNE 0.043 | 0.0236 0.0054 | 1.92 3.67 [303.3,79.8] | 0.11 7.36 [173.1,20.4]
8.4875 AIRBORNE 0.074 | 0.0278 0.0044 | 2.2 4.11 [303.3,77.9] | 0.11 7.4 [229,23.6]
8.4917 AIRBORNE 0.112 | 0.0326 0.0062 | 2.5 4.6 [303.2,75.4] | 0.18 7.57 [297.5,27.6]
8.4958 AIRBORNE 0.156 | 0.038 0.0098 | 2.81 5.12 [303.2,72.7] | 0.33 7.89 [377,32.2]
8.5 AIRBORNE 0.206 | 0.0439 0.015 | 3.11 5.66 [303.1,69.5] | 0.59 8.39 [465.8,37.4]
8.5042 AIRBORNE 0.259 | 0.0504 0.0221 | 3.39 6.21 [303,66.1] | 1 9.17 [562.4,43]
8.5083 AIRBORNE 0.316 | 0.0571 0.0313 | 3.64 6.76 [302.9,62.5] | 1.62 10.29 [665.2,49]
8.5125 AIRBORNE 0.376 | 0.064 0.0428 | 3.84 7.3 [302.8,58.7] | 2.5 11.85 [772.8,55.3]
